================================================================================
AMAZON ML CHALLENGE 2026 - OPTIMIZED THRESHOLD & BLOCKING STRATEGY
================================================================================
Total Validation S1 Entities: 10,000
Total Validation Ground Truth Matches: 18,033

--------------------------------------------------------------------------------
STRATEGY: Selective_6Pass (412k pairs)
Total Candidates: 412,508
Candidate Recall: 0.936672 (93.67%)
--------------------------------------------------------------------------------
T       Prec       Cand_Rec   Cand_F0.5    E2E_Rec    E2E_F0.5     FP       TP      
--------------------------------------------------------------------------------
0.930   0.9684     0.9372     0.962018     0.8778     0.948847     516      15830   
0.940   0.9741     0.9306     0.965078     0.8717     0.951732     418      15719   
0.945   0.9772     0.9259     0.966494     0.8673     0.953043     365      15640   
0.950   0.9795     0.9206     0.967148     0.8623     0.953602     325      15550   
0.955   0.9820     0.9143     0.967681     0.8564     0.954028     283      15444   
0.960   0.9840     0.9070     0.967575     0.8496     0.953816     249      15320   
0.965   0.9865     0.9004     0.967999     0.8434     0.954129     208      15209   
0.968   0.9879     0.8966     0.968200     0.8398     0.954265     185      15144   
0.970   0.9887     0.8931     0.968007     0.8366     0.954025     172      15086   
0.972   0.9899     0.8894     0.967989     0.8331     0.953950     154      15023   
0.974   0.9911     0.8856     0.968043     0.8295     0.953942     134      14958   
0.975   0.9920     0.8844     0.968403     0.8284     0.954273     121      14938   
0.976   0.9923     0.8833     0.968376     0.8273     0.954230     116      14919   
0.978   0.9934     0.8798     0.968368     0.8240     0.954167     99       14860   
0.980   0.9938     0.8757     0.967706     0.8202     0.953458     92       14791   
0.982   0.9950     0.8697     0.967122     0.8146     0.952795     74       14690   
0.985   0.9960     0.8613     0.965774     0.8068     0.951350     59       14549   

SOURCE-AWARE MATCHING COMPARISON:
T       Pure_F0.5    Pure_Prec  Top1_F0.5    Top1_Prec  Top2_F0.5    Top2_Prec 
0.950   0.953602     0.9795     0.865256     0.9870     0.931902     0.9826    
0.960   0.953816     0.9840     0.864283     0.9899     0.931493     0.9861    
0.965   0.954129     0.9865     0.863851     0.9916     0.931659     0.9883    
0.970   0.954025     0.9887     0.863213     0.9930     0.931332     0.9899    
0.972   0.953950     0.9899     0.862790     0.9938     0.931053     0.9907    
0.974   0.953942     0.9911     0.862429     0.9947     0.930925     0.9918    
0.975   0.954273     0.9920     0.862518     0.9953     0.931106     0.9925    

--------------------------------------------------------------------------------
STRATEGY: Enhanced_Strat4 (741k pairs)
Total Candidates: 741,309
Candidate Recall: 0.955526 (95.55%)
--------------------------------------------------------------------------------
T       Prec       Cand_Rec   Cand_F0.5    E2E_Rec    E2E_F0.5     FP       TP      
--------------------------------------------------------------------------------
0.930   0.8974     0.9333     0.904347     0.8918     0.896263     1839     16082   
0.940   0.9131     0.9267     0.915817     0.8855     0.907469     1519     15968   
0.945   0.9210     0.9220     0.921188     0.8810     0.912700     1363     15887   
0.950   0.9281     0.9165     0.925744     0.8758     0.917121     1224     15793   
0.955   0.9347     0.9099     0.929640     0.8694     0.920881     1095     15678   
0.960   0.9414     0.9021     0.933293     0.8620     0.924391     967      15544   
0.965   0.9494     0.8952     0.938059     0.8554     0.928997     822      15426   
0.968   0.9533     0.8914     0.940251     0.8517     0.931108     752      15359   
0.970   0.9556     0.8879     0.941234     0.8484     0.932036     711      15299   
0.972   0.9590     0.8840     0.942959     0.8447     0.933688     652      15232   
0.974   0.9625     0.8799     0.944755     0.8408     0.935406     591      15162   
0.975   0.9639     0.8788     0.945583     0.8397     0.936205     567      15142   
0.976   0.9648     0.8776     0.946036     0.8386     0.936637     551      15122   
0.978   0.9680     0.8740     0.947611     0.8351     0.938142     498      15060   
0.980   0.9705     0.8698     0.948572     0.8311     0.939039     455      14988   
0.982   0.9739     0.8637     0.949668     0.8253     0.940046     399      14883   
0.985   0.9789     0.8549     0.951283     0.8169     0.941531     318      14731   

SOURCE-AWARE MATCHING COMPARISON:
T       Pure_F0.5    Pure_Prec  Top1_F0.5    Top1_Prec  Top2_F0.5    Top2_Prec 
0.950   0.917121     0.9281     0.850942     0.9603     0.906764     0.9445    
0.960   0.924391     0.9414     0.852062     0.9665     0.910358     0.9533    
0.965   0.928997     0.9494     0.853351     0.9710     0.913139     0.9591    
0.970   0.932036     0.9556     0.854085     0.9744     0.914997     0.9636    
0.972   0.933688     0.9590     0.854155     0.9759     0.915686     0.9656    
0.974   0.935406     0.9625     0.854572     0.9780     0.916829     0.9685    
0.975   0.936205     0.9639     0.854822     0.9789     0.917301     0.9695    

================================================================================
