================================================================================
NEW BLOCKING (SELECTIVE MULTI-PASS) + THRESHOLD SWEEP REPORT
================================================================================
Candidate File: dataset/train/clean_blocking_candidates_selective.tsv
Total Candidates: 412,508
Candidate Recall: 0.936672 (93.67%) vs Baseline 73.89% (+19.78% gain!)
Recovered True Matches: 16,891 / 18,033

SWEEP RESULTS:
 threshold  precision  cand_recall  cand_F0.5  e2e_recall  e2e_F0.5  false_positives  false_negatives  true_positives  predicted_matches
      0.50   0.700377     0.988929   0.743782    0.926302  0.736294             7146              187           16704              23850
      0.60   0.782200     0.984430   0.815714    0.922087  0.806675             4630              263           16628              21258
      0.70   0.850688     0.977503   0.873348    0.915599  0.862923             2898              380           16511              19409
      0.75   0.881426     0.973477   0.898417    0.911828  0.887343             2212              448           16443              18655
      0.80   0.906392     0.968800   0.918222    0.907447  0.906603             1690              527           16364              18054
      0.85   0.930488     0.962880   0.936791    0.901902  0.924627             1215              627           16264              17479
      0.90   0.955132     0.950269   0.954156    0.890090  0.941374              754              840           16051              16805
      0.92   0.963946     0.941803   0.959435    0.882160  0.946398              595              983           15908              16503
      0.94   0.974097     0.930614   0.965078    0.871680  0.951732              418             1172           15719              16137
      0.95   0.979528     0.920609   0.967148    0.862308  0.953602              325             1341           15550              15875
      0.96   0.984007     0.906992   0.967575    0.849554  0.953816              249             1571           15320              15569
      0.97   0.988727     0.893138   0.968007    0.836577  0.954025              172             1805           15086              15258
      0.98   0.993818     0.875673   0.967706    0.820218  0.953458               92             2100           14791              14883
================================================================================
